[fulltest1]	=X2*2	#1	;
134 
4213
2431
3124
*
[fulltest0]	=X2*2	#1	;
1342
4213
2431
3124
*
[jatek1]	=3*3	#1	;
2 7 13 94
 64827 13
1 36 4827
67 38 4 1
 324 176 
  176 3 2
318   276
7  138 4 
4  2761 8
*
[jatek2]	=3*3	#1	;
 52   64 
3  1 65 2
4612 5 37
145 2  76
736514 2 
2  673415
67 9512 3
 2346 1  
 1 3 2764
*
[jatek3]	=3*3	#2	;
43 5612 8
 82 43561
6152    3
8  43 612
126 8  3 
3546 2 8 
 48 56127
2 18 4356
56 1  8 4
*
[ujtábla]	=3x3    #1	;teszt
12      6
  3    5 
   45 3  
     6   
         
         
         
      7  
2      89
*
[ujtábla1]	=2x3    #1	;teszt
12    
  3   
   45 
     6   
    3 
2     
*
